Cool: bb 00 01 03 1d 00 00 64 03 55 00 04 80 00 00 00 00 00 00 00 00 00 00 00 00 00 00 00 00 00 00 00 00 80 92
Heat: bb 00 01 03 1d 00 00 64 01 57 38 0c 80 00 00 00 00 00 00 00 00 00 00 00 00 00 00 00 00 00 00 00 08 88 a2
Dry:  bb 00 01 03 1d 00 00 64 02 55 02 04 80 00 00 00 00 00 00 00 00 00 00 00 00 00 00 00 00 00 00 00 00 80 91
Fan:  bb 00 01 03 1d 00 00 64 07 55 00 00 80 00 00 00 00 00 00 00 00 00 00 00 00 00 00 00 00 00 00 00 00 80 92
Auto: bb 00 01 03 1d 00 00 64 08 55 00 00 80 00 00 00 00 00 00 00 00 00 00 00 00 00 00 00 00 00 00 00 00 80 9d
Heat: bb 00 01 03 1d 00 00 64 01 57 38 08 80 00 00 00 00 00 00 00 00 00 00 00 00 00 00 00 00 00 00 00 08 88 a6
Temp change
->76: bb 00 01 03 1d 00 00 64 01 57 38 0c 80 00 00 00 00 00 00 00 00 00 00 00 00 00 00 00 00 00 00 00 08 88 a2
->77: bb 00 01 03 1d 00 00 64 01 56 38 08 80 00 00 00 00 00 00 00 00 00 00 00 00 00 00 00 00 00 00 00 08 88 a7
->78: bb 00 01 03 1d 00 00 64 01 56 38 0c 80 00 00 00 00 00 00 00 00 00 00 00 00 00 00 00 00 00 00 00 08 88 a3
->79: bb 00 01 03 1d 00 00 64 01 55 38 08 80 00 00 00 00 00 00 00 00 00 00 00 00 00 00 00 00 00 00 00 08 88 a4
->80: bb 00 01 03 1d 00 00 64 01 55 38 0c 80 00 00 00 00 00 00 00 00 00 00 00 00 00 00 00 00 00 00 00 08 88 a0
Disable up/down flow
      bb 00 01 03 1d 00 00 64 01 57 00 0c 80 00 00 00 00 00 00 00 00 00 00 00 00 00 00 00 00 00 00 00 00 88 92
Enable up/down flow
      bb 00 01 03 1d 00 00 64 01 57 38 0c 80 00 00 00 00 00 00 00 00 00 00 00 00 00 00 00 00 00 00 00 08 88 a2
Disable left/right flow
      bb 00 01 03 1d 00 00 64 01 57 38 04 80 00 00 00 00 00 00 00 00 00 00 00 00 00 00 00 00 00 00 00 08 80 a2
Enable left/right flow
      bb 00 01 03 1d 00 00 64 01 57 38 0c 80 00 00 00 00 00 00 00 00 00 00 00 00 00 00 00 00 00 00 00 08 88 a2
Enable 8* Heater (Freeze Protection)
      bb 00 01 03 1d 00 00 64 01 5d b8 08 80 00 00 00 00 00 00 00 00 00 00 00 00 00 00 00 00 00 00 00 08 88 2c
Disable 8* Heater (Freeze Protection)
      bb 00 01 04 02 01 00 bd bb 00 01 03 1d 00 00 64 01 5d 38 08 80 00 00 00 00 00 00 00 00 00 00 00 00 00 00 00 00
      00 00 00 08 88 ac
      bb 00 01 03 1d 00 00 64 01 5d 38 08 80 00 00 00 00 00 00 00 00 00 00 00 00 00 00 00 00 00 00 00 08 88 ac
Enable beeper
      bb 00 01 03 1d 00 00 64 01 5d 38 08 80 00 00 00 00 00 00 00 00 00 00 00 00 00 00 00 00 00 00 00 08 88 ac
Disable beeper
      bb 00 01 03 1d 00 00 44 01 5d 38 08 80 00 00 00 00 00 00 00 00 00 00 00 00 00 00 00 00 00 00 00 08 88 8c
Enable display
      bb 00 01 03 1d 00 00 44 01 57 38 0c 80 00 00 00 00 00 00 00 00 00 00 00 00 00 00 00 00 00 00 00 08 88 82
Disable display
      bb 00 01 03 1d 00 00 04 01 57 38 0c 80 00 00 00 00 00 00 00 00 00 00 00 00 00 00 00 00 00 00 00 08 88 c2
Fan - turbo
      bb 00 01 03 1d 00 00 44 41 57 3d 0c 80 00 00 00 00 00 00 00 00 00 00 00 00 00 00 00 00 00 00 00 08 88 c7
Fan - auto
      bb 00 01 03 1d 00 00 44 01 57 38 0c 80 00 00 00 00 00 00 00 00 00 00 00 00 00 00 00 00 00 00 00 08 88 82
Fan - mid-low
      bb 00 01 03 1d 00 00 24 01 56 3e 08 80 00 00 00 00 00 00 00 8c 3a ff 3f d1 1d 4a 93 ab 08 00 00 08 88 21
Fan - mute
      bb 00 01 03 1d 00 00 24 81 56 3a 08 80 00 00 00 00 00 00 00 8c 3a ff 3f d1 1d 4a 93 ab 08 00 00 08 88 a5
GEN mode - enable LV1
      bb 00 01 03 1d 00 00 6c 01 56 38 0a 80 00 ec 7c 00 00 01 00 0a 00 00 00 25 7e d5 24 3a 23 00 00 08 88 85
GEN mode - enable LV2
      bb 00 01 03 1d 00 00 6c 01 56 38 0a 80 00 ec 7c 00 00 02 00 0a 00 00 00 25 7e d5 24 3a 23 00 00 08 88 86
GEN mode - enable LV3
      bb 00 01 03 1d 00 00 6c 01 56 38 0a 80 00 ec 7b 00 00 03 00 0a 00 00 00 25 7e d5 24 3a 23 00 00 08 88 80
GEN mode - disable                                          ## Here
      bb 00 01 03 1d 00 00 6c 01 56 38 0a 80 00 ec 7b 00 00 00 00 0a 00 00 00 25 7e d5 24 3a 23 00 00 08 88 83


    |   HEADER   |
TX: BB 00 01 0A 03 05 00 00 B6
RX: BB 01 00 0A 2D 04 00 04 00 00 00 00 00 00 00 00 00 00 00 00 00 00 00 00 00 00 00 00 00 00 00 00 00 00 00 00 00 00 00
00 00 00 00 00 00 00 00 00 00 00 9D RX: BB 01 00 0A 2D 04 00 0C 04 00 00 00 00 00 00 00 00 00 00 00 14 09 01 00 00 00 00
00 00 00 00 00 00 00 00 00 00 00 00 00 00 00 00 00 00 00 00 00 00 00 8D RX: BB 01 00 0A 2D 04 00 04 00 00 00 00 00 00 00
00 00 00 00 00 00 00 00 00 00 00 00 00 00 00 00 00 00 00 00 00 00 00 00 00 00 00 00 00 00 00 00 00 00 00 9D RX: BB 01 00
0A 2D 04 00 0C 02 00 00 00 00 00 00 00 00 00 00 00 59 03 01 00 00 00 00 00 00 00 00 00 00 00 00 00 00 00 00 00 00 00 00
00 00 00 00 00 00 00 CC RX: BB 01 00 0A 2D 04 00 04 00 00 00 00 00 00 00 00 00 00 00 00 00 00 00 00 00 00 00 00 00 00 00
00 00 00 00 00 00 00 00 00 00 00 00 00 00 00 00 00 00 00 9D RX: BB 01 00 0A 2D 04 00 0C 02 00 00 00 00 00 00 00 00 00 00
00 97 02 01 00 00 00 00 00 00 00 00 00 00 00 00 00 00 00 00 00 00 00 00 00 00 00 00 00 00 00 03 RX: BB 01 00 0A 2D 04 00
0C 02 00 00 00 00 00 00 00 00 00 00 00 64 19 01 00 00 00 00 00 00 00 00 00 00 00 00 00 00 00 00 00 00 00 00 00 00 00 00
00 00 00 EB RX: BB 01 00 0A 2D 04 00 0C 02 00 00 00 00 00 00 00 00 00 00 00 76 44 01 00 00 00 00 00 00 00 00 00 00 00 00
00 00 00 00 00 00 00 00 00 00 00 00 00 00 00 A4

    |   HEADER   |
TX: BB 00 01 09 02 05 00 B4
RX: BB 01 00 09 2D 04 00 00 00 00 00 00 FF 00 00 00 00 00 FF FF 00 00 00 00 00 00 F0 FF 00 00 00 00 00 00 00 00 00 00 00
00 00 00 00 00 00 00 00 00 00 00 6A RX: BB 01 00 09 2D 04 00 00 00 00 00 00 FF 00 00 00 00 00 FF FF 00 00 00 00 00 00 F0
FF 00 00 00 00 00 00 00 00 00 00 00 00 00 00 00 00 00 00 00 00 00 00 6A RX: BB 01 00 09 2D 04 00 00 00 00 00 00 FF 00 00
00 00 00 FF FF 00 00 00 00 00 00 F0 FF 00 00 00 00 00 00 00 00 00 00 00 00 00 00 00 00 00 00 00 00 00 00 6A

    |   HEADER   |
TX: BB 00 01 0A 03 05 00 08 BE
RX: BB 01 00 0A 2D 04 00 04 00 00 00 00 00 00 00 00 00 00 00 00 00 00 00 00 00 00 00 00 00 00 00 00 00 00 00 00 00 00 00
00 00 00 00 00 00 00 00 00 00 00 9D

// Standard status query, sent 3x in a row
    |   HEADER   |
TX: BB 00 01 04 02 01 00 BD
                            08                         17 18                                  30          34 35    37 38
39                45 46 RX: BB 01 00 04 37 04 00 34 DA 01 E0 00 00 00 00 00 00 70 2B 88 00 00 00 00 00 00 00 00 00 00 98
FF 42 00 69 10 0C 57 52 50 CA 00 00 00 00 72 0A 00 00 44 40 08 08 00 00 1A 00 00 00 00 F8 RX: BB 01 00 04 37 04 00 34 DA
01 E0 00 00 00 00 00 00 70 2B 88 00 00 00 00 00 00 00 00 00 00 98 FF 42 00 69 10 0C 58 52 50 CA 00 00 00 00 72 0A 00 00
44 40 08 08 00 00 1A 00 00 00 00 F7 RX: BB 01 00 04 37 04 00 34 DA 01 E0 00 00 00 00 00 00 73 03 88 00 00 00 00 00 00 00
00 00 00 9B FF 42 00 69 10 0C 59 52 50 CA 00 00 00 00 72 0A 00 00 44 40 08 08 00 00 1A 00 00 00 00 DE RX: BB 01 00 04 37
04 00 34 8A 01 E0 00 00 00 00 00 00 70 0B 88 00 00 00 00 00 00 00 00 00 00 87 FF 42 00 4B 11 0C 37 46 2C CA 00 00 00 00
74 04 00 00 44 40 08 08 00 00 1A 00 00 00 00 B4 RX: BB 01 00 04 37 04 00 34 8A 01 E0 00 00 00 00 00 00 70 0B 88 00 00 00
00 00 00 00 00 00 00 87 FF 42 00 4B 10 0C 37 46 2C CA 00 00 00 00 74 04 00 00 44 40 08 08 00 00 1A 00 00 00 00 B5 RX: BB
01 00 04 37 04 00 34 8A 01 E0 00 00 00 00 00 00 70 2B 88 00 00 00 00 00 00 00 00 00 00 89 FF 42 00 4B 10 0C 37 46 2C CA
00 00 00 00 74 04 00 00 44 40 08 08 00 00 1A 00 00 00 00 9B RX: BB 01 00 04 37 04 00 34 8A 01 E0 00 00 00 00 00 00 70 2B
88 00 00 00 00 00 00 00 00 00 00 8E FF 42 00 4B 0F 0D 3B 46 30 CA 00 00 00 00 74 05 00 00 44 40 08 08 00 00 1A 00 00 00
00 93 RX: BB 01 00 04 37 04 00 34 8A 01 E0 00 00 00 00 00 00 73 23 88 00 00 00 00 00 00 00 00 00 00 8E FF 42 00 4B 0F 0D
3B 46 30 CA 00 00 00 00 74 05 00 00 44 40 08 08 00 00 1A 00 00 00 00 98 RX: BB 01 00 04 37 04 00 34 8A 01 E0 00 00 00 00
00 00 73 23 88 00 00 00 00 00 00 00 00 00 00 8E FF 42 00 4B 0F 0D 3B 46 30 CA 00 00 00 00 74 04 00 00 44 40 08 08 00 00
1A 00 00 00 00 99 RX: BB 01 00 04 37 04 00 34 8A 01 E0 00 00 00 00 00 00 70 2B 88 00 00 00 00 00 00 00 00 00 00 8E FF 42
00 4B 0F 0D 3B 46 30 CA 00 00 00 00 74 05 00 00 44 40 08 08 00 00 1A 00 00 00 00 93 RX: BB 01 00 04 37 04 00 34 8A 01 E0
00 00 00 00 00 00 73 23 88 00 00 00 00 00 00 00 00 00 00 8E FF 42 00 4B 0F 0D 3B 46 30 CA 00 00 00 00 74 04 00 00 44 40
08 08 00 00 1A 00 00 00 00 99 RX: BB 01 00 04 37 04 00 34 8A 01 E0 00 00 00 00 00 00 70 2B 88 00 00 00 00 00 00 00 00 00
00 8E FF 42 00 4B 0F 0D 3B 46 30 CA 00 00 00 00 74 05 00 00 44 40 08 08 00 00 1A 00 00 00 00 93 RX: BB 01 00 04 37 04 00
34 8A 01 E0 00 00 00 00 00 00 73 23 88 00 00 00 00 00 00 00 00 00 00 8E FF 42 00 4B 0F 0D 3A 46 30 CA 00 00 00 00 74 04
00 00 44 40 08 08 00 00 1A 00 00 00 00 98 RX: BB 01 00 04 37 04 00 34 8A 01 E0 00 00 00 00 00 00 70 2B 88 00 00 00 00 00
00 00 00 00 00 8E FF 42 00 4B 0F 0D 3A 46 30 CA 00 00 00 00 74 05 00 00 44 40 08 08 00 00 1A 00 00 00 00 92 RX: BB 01 00
04 37 04 00 34 8A 01 E0 00 00 00 00 00 00 73 23 88 00 00 00 00 00 00 00 00 00 00 8E FF 42 00 4B 0F 0D 3A 46 30 CA 00 00
00 00 74 05 00 00 44 40 08 08 00 00 1A 00 00 00 00 99 RX: BB 01 00 04 37 04 00 34 8A 01 E0 00 00 00 00 00 00 73 23 88 00
00 00 00 00 00 00 00 00 00 8E FF 42 00 4B 0F 0D 3A 46 30 CA 00 00 00 00 74 04 00 00 44 40 08 08 00 00 1A 00 00 00 00 98
RX: BB 01 00 04 37 04 00 34 8A 01 E0 00 00 00 00 00 00 73 23 88 00 00 00 00 00 00 00 00 00 00 8E FF 42 00 4B 0F 0D 3A 46
30 CA 00 00 00 00 74 05 00 00 44 40 08 08 00 00 1A 00 00 00 00 99 RX: BB 01 00 04 37 04 00 34 8A 01 E0 00 00 00 00 00 00
73 23 88 00 00 00 00 00 00 00 00 00 00 8E FF 42 00 4B 0F 0D 3A 46 30 CA 00 00 00 00 74 04 00 00 44 40 08 08 00 00 1A 00
00 00 00 98 RX: BB 01 00 04 37 04 00 34 8A 01 E0 00 00 00 00 00 00 70 2B 88 00 00 00 00 00 00 00 00 00 00 8E FF 42 00 4B
0F 0D 3A 46 30 CA 00 00 00 00 74 04 00 00 44 40 08 08 00 00 1A 00 00 00 00 93 RX: BB 01 00 04 37 04 00 34 8A 01 E0 00 00
00 00 00 00 73 03 88 00 00 00 00 00 00 00 00 00 00 91 FF 42 00 4B 0F 0D 3A 46 30 CA 00 00 00 00 74 04 00 00 44 40 08 08
00 00 1A 00 00 00 00 A7 RX: BB 01 00 04 37 04 00 34 8A 01 E0 00 00 00 00 00 00 70 2B 88 00 00 00 00 00 00 00 00 00 00 8E
FF 42 00 4B 0F 0D 3A 46 30 CA 00 00 00 00 74 04 00 00 44 40 08 08 00 00 1A 00 00 00 00 93 RX: BB 01 00 04 37 04 00 34 8A
01 E0 00 00 00 00 00 00 73 23 88 00 00 00 00 00 00 00 00 00 00 8E FF 42 00 4B 0F 0D 3A 46 30 CA 00 00 00 00 74 04 00 00
44 40 08 08 00 00 1A 00 00 00 00 98 RX: BB 01 00 04 37 04 00 34 8A 01 E0 00 00 00 00 00 00 73 23 88 00 00 00 00 00 00 00
00 00 00 8E FF 42 00 4B 0F 0D 3A 46 30 CA 00 00 00 00 74 05 00 00 44 40 08 08 00 00 1A 00 00 00 00 99 RX: BB 01 00 04 37
04 00 34 8A 01 E0 00 00 00 00 00 00 70 2B 88 00 00 00 00 00 00 00 00 00 00 8E FF 42 00 4B 0F 0D 3A 46 30 CA 00 00 00 00
74 05 00 00 44 40 08 08 00 00 1A 00 00 00 00 92 RX: BB 01 00 04 37 04 00 34 8A 01 E0 00 00 00 00 00 00 73 23 88 00 00 00
00 00 00 00 00 00 00 8E FF 42 00 4B 0F 0D 3A 46 30 CA 00 00 00 00 74 05 00 00 44 40 08 08 00 00 1A 00 00 00 00 99

    |   HEADER   |
TX: BB 00 01 04 02 01 00 BD
RX: BB 01 00 04 37 04 00 34 8A 01 E0 00 00 00 00 00 00 73 23 88 00 00 00 00 00 00 00 00 00 00 8E FF 42 00 4B 0F 0C 3C 46
30 CA 00 00 00 00 73 05 00 00 44 40 08 08 00 00 1A 00 00 00 00 99 TX: BB 00 01 03 1D 00 00 44 01 55 38 0C 80 00 00 00 00
00 00 00 00 00 00 00 00 00 00 00 00 00 00 00 08 88 80 RX: BB 01 00 03 37 04 00 34 8A 01 E0 00 00 00 00 00 00 73 23 88 00
00 00 00 00 00 00 00 00 00 8E FF 42 00 4B 0F 0C 3C 46 30 CA 00 00 00 00 73 05 00 00 44 40 08 08 00 00 1A 00 00 00 00 9E
TX: BB 00 01 03 1D 00 00 64 01 55 38 0C 80 00 00 00 00 00 00 00 00 00 00 00 00 00 00 00 00 00 00 00 08 88 A0
RX: BB 01 00 03 37 04 00 34 8A 01 E0 00 00 00 00 00 00 73 23 88 00 00 00 00 00 00 00 00 00 00 8E FF 42 00 4B 0F 0C 3C 46
30 CA 00 00 00 00 73 05 00 00 44 40 08 08 00 00 1A 00 00 00 00 9E TX: BB 00 01 03 1D 00 00 64 01 54 38 08 80 00 00 00 00
00 00 00 00 00 00 00 00 00 00 00 00 00 00 00 08 88 A5 RX: BB 01 00 03 37 04 00 34 8B 00 E0 00 00 00 00 00 00 73 23 88 00
00 00 00 00 00 00 00 00 00 8E FF 42 00 4B 0F 0C 3C 46 30 CA 00 00 00 00 73 05 00 00 44 40 08 08 00 00 1A 00 00 00 00 9E

    |   HEADER   |
                         07    09    11
TX: BB 00 01 03 1D 00 00 44 01 55 38 0C 80 00 00 00 00 00 00 00 00 00 00 00 00 00 00 00 00 00 00 00 08 88 80
TX: BB 00 01 03 1D 00 00 64 01 55 38 0C 80 00 00 00 00 00 00 00 00 00 00 00 00 00 00 00 00 00 00 00 08 88 A0
TX: BB 00 01 03 1D 00 00 64 01 54 38 08 80 00 00 00 00 00 00 00 00 00 00 00 00 00 00 00 00 00 00 00 08 88 A5

    |   HEADER   |
TX: BB 00 01 04 02 01 00 BD
                            08 09                         18                                  30                   37 39
45 46 RX: BB 01 00 04 37 04 00 34 8B 00 E0 00 00 00 00 00 00 70 2B 88 00 00 00 00 00 00 00 00 00 00 9D FF 42 00 4B 0F 0B
46 52 50 CA 00 00 00 00 72 0A 00 00 44 40 08 08 00 00 1A 00 00 00 00 86 RX: BB 01 00 04 37 04 00 34 8B 00 E0 00 00 00 00
00 00 70 0B 88 00 00 00 00 00 00 00 00 00 00 A0 FF 42 00 4B 0F 0B 46 52 50 CA 00 00 00 00 72 0A 00 00 44 40 08 08 00 00
1A 00 00 00 00 9B RX: BB 01 00 04 37 04 00 34 8A 01 E0 00 00 00 00 00 00 78 03 88 00 00 00 00 00 00 00 00 00 00 A0 FF 42
00 4B 0F 0B 47 52 50 CA 00 00 00 00 72 0A 00 00 44 40 08 08 00 00 1A 00 00 00 00 9A RX: BB 01 00 04 37 04 00 34 8A 01 E0
00 00 00 00 00 00 78 03 88 00 00 00 00 00 00 00 00 00 00 A0 FF 42 00 4B 0F 0B 48 52 50 CA 00 00 00 00 72 0A 00 00 44 40
08 08 00 00 1A 00 00 00 00 95 RX: BB 01 00 04 37 04 00 34 8A 01 E0 00 00 00 00 00 00 78 03 88 00 00 00 00 00 00 00 00 00
00 A0 FF 42 00 4B 0F 0B 48 52 4E CA 00 00 00 00 72 0A 00 00 44 40 08 08 00 00 1A 00 00 00 00 8B RX: BB 01 00 04 37 04 00
34 8A 01 E0 00 00 00 00 00 00 78 03 88 00 00 00 00 00 00 00 00 00 00 A0 FF 42 00 4B 0F 0B 48 52 4E CA 00 00 00 00 72 0A
00 00 44 40 08 08 00 00 1A 00 00 00 00 8B RX: BB 01 00 04 37 04 00 34 8A 01 E0 00 00 00 00 00 00 78 03 88 00 00 00 00 00
00 00 00 00 00 A0 FF 42 00 4B 0F 0B 49 52 4E CA 00 00 00 00 72 0A 00 00 44 40 08 08 00 00 1A 00 00 00 00 8A

03 00000011
0b 00001011
2b 00101011
